Computing persistence diagrams...
Vectorizing persistence diagrams...
cubical
[[0.         1.         0.        ]
 [0.         1.         1.        ]
 [0.67450982 0.99215686 1.        ]
 [0.74509805 0.99215686 1.        ]
 [0.88235295 0.99215686 1.        ]
 [0.94901961 0.99215686 1.        ]
 [0.98823529 0.99215686 1.        ]]

[[0.01225127 0.08108703]
 [0.01097416 0.09236639]
 [0.00880544 0.09514787]
 [0.01526868 0.08019462]
 [0.01367702 0.09032476]
 [0.01097416 0.09215584]
 [0.01704556 0.07198741]
 [0.01526868 0.08002666]
 [0.01225127 0.08073135]
 [0.         0.        ]
 [0.         0.        ]
 [0.         0.        ]
 [0.         0.        ]
 [0.         0.        ]
 [0.         0.        ]
 [0.         0.        ]]

height
[[0.17857143 1.         0.        ]
 [0.17857143 0.21428571 0.        ]
 [0.         0.         1.        ]]

[[0.03153942 0.01704556]
 [0.02996789 0.01526868]
 [0.02550637 0.01225127]
 [0.03239133 0.01526868]
 [0.03077736 0.01367702]
 [0.02619533 0.01097416]
 [0.0303025  0.01225127]
 [0.02879261 0.01097416]
 [0.02450606 0.00880544]
 [0.         0.        ]
 [0.         0.        ]
 [0.         0.        ]
 [0.         0.        ]
 [0.         0.        ]
 [0.         0.        ]
 [0.         0.        ]]

height
[[0.14285714 1.         0.        ]
 [0.28571429 0.60714286 0.        ]
 [0.         0.         1.        ]]

[[0.03102492 0.01704556]
 [0.02991335 0.01526868]
 [0.02584919 0.01225127]
 [0.03356965 0.01526868]
 [0.03229987 0.01367702]
 [0.0278539  0.01097416]
 [0.03279184 0.01225127]
 [0.03148576 0.01097416]
 [0.02709529 0.00880544]
 [0.         0.        ]
 [0.         0.        ]
 [0.         0.        ]
 [0.         0.        ]
 [0.         0.        ]
 [0.         0.        ]
 [0.         0.        ]]

radial
[[0.10398507 1.         0.        ]
 [0.51992534 0.53124057 0.        ]
 [0.5352959  0.54231976 0.        ]
 [0.59189338 0.59280609 0.        ]
 [0.         0.         1.        ]]

[[0.06168961 0.01704556]
 [0.06426841 0.01526868]
 [0.06018321 0.01225127]
 [0.05949591 0.01526868]
 [0.06150973 0.01367702]
 [0.05719441 0.01097416]
 [0.05228337 0.01225127]
 [0.05357807 0.01097416]
 [0.04940916 0.00880544]
 [0.         0.        ]
 [0.         0.        ]
 [0.         0.        ]
 [0.         0.        ]
 [0.         0.        ]
 [0.         0.        ]
 [0.         0.        ]]

radial
[[0.         1.         0.        ]
 [0.28674418 0.30731815 0.        ]
 [0.28674418 0.2981424  0.        ]
 [0.30731815 0.31622777 0.        ]
 [0.         0.         1.        ]]

[[0.06379249 0.01704556]
 [0.06184347 0.01526868]
 [0.05377841 0.01225127]
 [0.06164552 0.01526868]
 [0.05944911 0.01367702]
 [0.05144059 0.01097416]
 [0.05442548 0.01225127]
 [0.05216103 0.01097416]
 [0.04486714 0.00880544]
 [0.         0.        ]
 [0.         0.        ]
 [0.         0.        ]
 [0.         0.        ]
 [0.         0.        ]
 [0.         0.        ]
 [0.         0.        ]]

erosion
[[0.         1.         0.        ]
 [0.         1.         1.        ]
 [0.33333333 0.66666667 1.        ]
 [0.33333333 0.66666667 1.        ]
 [0.33333333 0.66666667 1.        ]
 [0.33333333 0.66666667 1.        ]
 [0.33333333 0.66666667 1.        ]]

[[0.01225127 0.09747909]
 [0.01097416 0.09620198]
 [0.00880544 0.08514883]
 [0.01526868 0.1004965 ]
 [0.01367702 0.09890484]
 [0.01097416 0.08731755]
 [0.01704556 0.09338896]
 [0.01526868 0.09161207]
 [0.01225127 0.08063638]
 [0.         0.        ]
 [0.         0.        ]
 [0.         0.        ]
 [0.         0.        ]
 [0.         0.        ]
 [0.         0.        ]
 [0.         0.        ]]

dilation
[[0.         1.         0.        ]
 [0.03571429 0.05357143 1.        ]]

[[0.01225127 0.01718344]
 [0.01097416 0.01557481]
 [0.00880544 0.01264518]
 [0.01526868 0.01548323]
 [0.01367702 0.01403376]
 [0.01097416 0.011394  ]
 [0.01704556 0.01249691]
 [0.01526868 0.01132701]
 [0.01225127 0.00919639]
 [0.         0.        ]
 [0.         0.        ]
 [0.         0.        ]
 [0.         0.        ]
 [0.         0.        ]
 [0.         0.        ]
 [0.         0.        ]]

Computing persistence diagrams...
Vectorizing persistence diagrams...
cubical
[[0.         1.         0.        ]
 [0.         1.         1.        ]
 [0.67450982 0.99215686 1.        ]
 [0.74509805 0.99215686 1.        ]
 [0.88235295 0.99215686 1.        ]
 [0.94901961 0.99215686 1.        ]
 [0.98823529 0.99215686 1.        ]]

[[0.01225127 0.08108703]
 [0.01097416 0.09236639]
 [0.00880544 0.09514787]
 [0.01526868 0.08019462]
 [0.01367702 0.09032476]
 [0.01097416 0.09215584]
 [0.01704556 0.07198741]
 [0.01526868 0.08002666]
 [0.01225127 0.08073135]]

height
[[0.17857143 1.         0.        ]
 [0.17857143 0.21428571 0.        ]
 [0.         0.         1.        ]]

[[0.03153942 0.01704556]
 [0.02996789 0.01526868]
 [0.02550637 0.01225127]
 [0.03239133 0.01526868]
 [0.03077736 0.01367702]
 [0.02619533 0.01097416]
 [0.0303025  0.01225127]
 [0.02879261 0.01097416]
 [0.02450606 0.00880544]]

height
[[0.14285714 1.         0.        ]
 [0.28571429 0.60714286 0.        ]
 [0.         0.         1.        ]]

[[0.03102492 0.01704556]
 [0.02991335 0.01526868]
 [0.02584919 0.01225127]
 [0.03356965 0.01526868]
 [0.03229987 0.01367702]
 [0.0278539  0.01097416]
 [0.03279184 0.01225127]
 [0.03148576 0.01097416]
 [0.02709529 0.00880544]]

radial
[[0.10398507 1.         0.        ]
 [0.51992534 0.53124057 0.        ]
 [0.5352959  0.54231976 0.        ]
 [0.59189338 0.59280609 0.        ]
 [0.         0.         1.        ]]

[[0.06168961 0.01704556]
 [0.06426841 0.01526868]
 [0.06018321 0.01225127]
 [0.05949591 0.01526868]
 [0.06150973 0.01367702]
 [0.05719441 0.01097416]
 [0.05228337 0.01225127]
 [0.05357807 0.01097416]
 [0.04940916 0.00880544]]

radial
[[0.         1.         0.        ]
 [0.28674418 0.30731815 0.        ]
 [0.28674418 0.2981424  0.        ]
 [0.30731815 0.31622777 0.        ]
 [0.         0.         1.        ]]

[[0.06379249 0.01704556]
 [0.06184347 0.01526868]
 [0.05377841 0.01225127]
 [0.06164552 0.01526868]
 [0.05944911 0.01367702]
 [0.05144059 0.01097416]
 [0.05442548 0.01225127]
 [0.05216103 0.01097416]
 [0.04486714 0.00880544]]

erosion
[[0.         1.         0.        ]
 [0.         1.         1.        ]
 [0.33333333 0.66666667 1.        ]
 [0.33333333 0.66666667 1.        ]
 [0.33333333 0.66666667 1.        ]
 [0.33333333 0.66666667 1.        ]
 [0.33333333 0.66666667 1.        ]]

[[0.01225127 0.09747909]
 [0.01097416 0.09620198]
 [0.00880544 0.08514883]
 [0.01526868 0.1004965 ]
 [0.01367702 0.09890484]
 [0.01097416 0.08731755]
 [0.01704556 0.09338896]
 [0.01526868 0.09161207]
 [0.01225127 0.08063638]]

dilation
[[0.         1.         0.        ]
 [0.03571429 0.05357143 1.        ]]

[[0.01225127 0.01718344]
 [0.01097416 0.01557481]
 [0.00880544 0.01264518]
 [0.01526868 0.01548323]
 [0.01367702 0.01403376]
 [0.01097416 0.011394  ]
 [0.01704556 0.01249691]
 [0.01526868 0.01132701]
 [0.01225127 0.00919639]]

Computing persistence diagrams...
Vectorizing persistence diagrams...
cubical
[[0.         1.         0.        ]
 [0.         1.         1.        ]
 [0.67450982 0.99215686 1.        ]
 [0.74509805 0.99215686 1.        ]
 [0.88235295 0.99215686 1.        ]
 [0.94901961 0.99215686 1.        ]
 [0.98823529 0.99215686 1.        ]]

[[0.00125524 0.00832118]
 [0.00123986 0.00890038]
 [0.00120965 0.00941446]
 [0.00116571 0.00984731]
 [0.0011096  0.01018471]
 [0.00104324 0.01041509]
 [0.00096883 0.01053017]
 [0.0008887  0.01052549]
 [0.00080521 0.01040067]
 [0.00138541 0.00848565]
 [0.00136843 0.00906477]
 [0.00133508 0.00957679]
 [0.00128659 0.01000568]
 [0.00122466 0.01033734]
 [0.00115142 0.0105604 ]
 [0.0010693  0.01066682]
 [0.00098086 0.01065242]
 [0.0008887  0.01051711]
 [0.00151032 0.00855886]
 [0.00149181 0.00913074]
 [0.00145547 0.00963422]
 [0.0014026  0.01005354]
 [0.00133508 0.01037494]
 [0.00125524 0.01058737]
 [0.00116571 0.01068316]
 [0.0010693  0.01065847]
 [0.00096883 0.01051354]
 [0.00162632 0.008539  ]
 [0.00160639 0.00909673]
 [0.00156725 0.00958548]
 [0.00151032 0.00998996]
 [0.00143763 0.01029689]
 [0.00135165 0.01049572]
 [0.00125524 0.01057925]
 [0.00115142 0.01054403]
 [0.00104324 0.01039065]
 [0.00172977 0.00842731]
 [0.00170857 0.00896449]
 [0.00166694 0.00943284]
 [0.00160639 0.00981771]
 [0.00152907 0.01010646]
 [0.00143763 0.01028918]
 [0.00133508 0.01035921]
 [0.00122466 0.01031358]
 [0.0011096  0.01015317]
 [0.00181724 0.00822796]
 [0.00179497 0.00873891]
 [0.00175123 0.00918189]
 [0.00168762 0.00954305]
 [0.00160639 0.00981056]
 [0.00151032 0.00997521]
 [0.0014026  0.01003098]
 [0.00128659 0.00997537]
 [0.00116571 0.0098096 ]
 [0.00188574 0.0079478 ]
 [0.00186262 0.00842772]
 [0.00181724 0.00884123]
 [0.00175123 0.00917542]
 [0.00166694 0.00941933]
 [0.00156725 0.00956457]
 [0.00145547 0.00960579]
 [0.00133508 0.00954099]
 [0.00120965 0.00937171]
 [0.00193283 0.00759595]
 [0.00190914 0.00804108]
 [0.00186262 0.00842201]
 [0.00179497 0.00872683]
 [0.00170857 0.00894557]
 [0.00160639 0.00907069]
 [0.00149181 0.00909756]
 [0.00136843 0.00902467]
 [0.00123986 0.00885384]
 [0.00195681 0.00718334]
 [0.00193283 0.00759102]
 [0.00188574 0.00793725]
 [0.00181724 0.00821124]
 [0.00172977 0.00840403]
 [0.00162632 0.00850898]
 [0.00151032 0.00852214]
 [0.00138541 0.00844251]
 [0.00125524 0.00827214]]

height
[[0.17857143 1.         0.        ]
 [0.17857143 0.21428571 0.        ]
 [0.         0.         1.        ]]

[[0.00340103 0.00195681]
 [0.00342659 0.00193283]
 [0.00341003 0.00188574]
 [0.00335195 0.00181724]
 [0.00325448 0.00172977]
 [0.00312111 0.00162632]
 [0.00295651 0.00151032]
 [0.00276627 0.00138541]
 [0.00255655 0.00125524]
 [0.00350402 0.00193283]
 [0.00353036 0.00190914]
 [0.00351329 0.00186262]
 [0.00345346 0.00179497]
 [0.00335303 0.00170857]
 [0.00321562 0.00160639]
 [0.00304604 0.00149181]
 [0.00285004 0.00136843]
 [0.00263397 0.00123986]
 [0.0035726  0.00188574]
 [0.00359945 0.00186262]
 [0.00358205 0.00181724]
 [0.00352104 0.00175123]
 [0.00341865 0.00166694]
 [0.00327855 0.00156725]
 [0.00310566 0.00145547]
 [0.00290582 0.00133508]
 [0.00268551 0.00120965]
 [0.00360469 0.00181724]
 [0.00363178 0.00179497]
 [0.00361423 0.00175123]
 [0.00355267 0.00168762]
 [0.00344936 0.00160639]
 [0.003308   0.00151032]
 [0.00313355 0.0014026 ]
 [0.00293192 0.00128659]
 [0.00270964 0.00116571]
 [0.00359932 0.00172977]
 [0.00362637 0.00170857]
 [0.00360884 0.00166694]
 [0.00354738 0.00160639]
 [0.00344422 0.00152907]
 [0.00330308 0.00143763]
 [0.00312889 0.00133508]
 [0.00292755 0.00122466]
 [0.0027056  0.0011096 ]
 [0.00355666 0.00162632]
 [0.00358339 0.00160639]
 [0.00356607 0.00156725]
 [0.00350533 0.00151032]
 [0.0034034  0.00143763]
 [0.00326392 0.00135165]
 [0.0030918  0.00125524]
 [0.00289285 0.00115142]
 [0.00267353 0.00104324]
 [0.00347799 0.00151032]
 [0.00350413 0.00149181]
 [0.00348719 0.00145547]
 [0.0034278  0.0014026 ]
 [0.00332812 0.00133508]
 [0.00319173 0.00125524]
 [0.00302342 0.00116571]
 [0.00282887 0.0010693 ]
 [0.0026144  0.00096883]
 [0.00336569 0.00138541]
 [0.00339098 0.00136843]
 [0.00337459 0.00133508]
 [0.00331712 0.00128659]
 [0.00322066 0.00122466]
 [0.00308867 0.00115142]
 [0.00292579 0.0010693 ]
 [0.00273753 0.00098086]
 [0.00252998 0.0008887 ]
 [0.00322306 0.00125524]
 [0.00324728 0.00123986]
 [0.00323159 0.00120965]
 [0.00317655 0.00116571]
 [0.00308417 0.0011096 ]
 [0.00295778 0.00104324]
 [0.0028018  0.00096883]
 [0.00262152 0.0008887 ]
 [0.00242277 0.00080521]]

height
[[0.14285714 1.         0.        ]
 [0.28571429 0.60714286 0.        ]
 [0.         0.         1.        ]]

[[0.00326386 0.00195681]
 [0.00330498 0.00193283]
 [0.0033058  0.00188574]
 [0.00326629 0.00181724]
 [0.00318789 0.00172977]
 [0.00307343 0.00162632]
 [0.00292693 0.00151032]
 [0.00275342 0.00138541]
 [0.0025586  0.00125524]
 [0.00342991 0.00193283]
 [0.00347232 0.00190914]
 [0.00347237 0.00186262]
 [0.00343008 0.00179497]
 [0.00334698 0.00170857]
 [0.00322606 0.00160639]
 [0.00307158 0.00149181]
 [0.00288883 0.00136843]
 [0.00268382 0.00123986]
 [0.00356335 0.00188574]
 [0.00360656 0.00186262]
 [0.00360578 0.00181724]
 [0.00356103 0.00175123]
 [0.00347394 0.00166694]
 [0.00334766 0.00156725]
 [0.00318662 0.00145547]
 [0.00299634 0.00133508]
 [0.00278305 0.00120965]
 [0.00365982 0.00181724]
 [0.00370333 0.00179497]
 [0.00370165 0.00175123]
 [0.00365486 0.00168762]
 [0.00356465 0.00160639]
 [0.00343426 0.00151032]
 [0.0032683  0.0014026 ]
 [0.00307242 0.00128659]
 [0.00285305 0.00116571]
 [0.0037161  0.00172977]
 [0.00375939 0.00170857]
 [0.00375681 0.00166694]
 [0.00370845 0.00160639]
 [0.00361606 0.00152907]
 [0.00348298 0.00143763]
 [0.00331388 0.00133508]
 [0.00311454 0.00122466]
 [0.00289149 0.0011096 ]
 [0.00373029 0.00162632]
 [0.00377286 0.00160639]
 [0.00376938 0.00156725]
 [0.00371998 0.00151032]
 [0.00362646 0.00143763]
 [0.00349217 0.00135165]
 [0.00332184 0.00125524]
 [0.00312129 0.00115142]
 [0.00289708 0.00104324]
 [0.00370191 0.00151032]
 [0.00374328 0.00149181]
 [0.00373895 0.00145547]
 [0.00368907 0.0014026 ]
 [0.00359548 0.00133508]
 [0.00346152 0.00125524]
 [0.00329191 0.00116571]
 [0.00309244 0.0010693 ]
 [0.00286962 0.00096883]
 [0.00363192 0.00138541]
 [0.00367164 0.00136843]
 [0.00366653 0.00133508]
 [0.00361677 0.00128659]
 [0.00352418 0.00122466]
 [0.00339208 0.00115142]
 [0.00322511 0.0010693 ]
 [0.00302897 0.00098086]
 [0.00281007 0.0008887 ]
 [0.00352267 0.00125524]
 [0.00356036 0.00123986]
 [0.00355457 0.00120965]
 [0.00350551 0.00116571]
 [0.00341497 0.0011096 ]
 [0.00328619 0.00104324]
 [0.0031237  0.00096883]
 [0.00293304 0.0008887 ]
 [0.00272042 0.00080521]]

radial
[[0.10398507 1.         0.        ]
 [0.51992534 0.53124057 0.        ]
 [0.5352959  0.54231976 0.        ]
 [0.59189338 0.59280609 0.        ]
 [0.         0.         1.        ]]

[[0.00658365 0.00195681]
 [0.00684161 0.00193283]
 [0.00702534 0.00188574]
 [0.00712836 0.00181724]
 [0.00714694 0.00172977]
 [0.00708034 0.00162632]
 [0.00693085 0.00151032]
 [0.00670367 0.00138541]
 [0.00640661 0.00125524]
 [0.00664896 0.00193283]
 [0.00690381 0.00190914]
 [0.00708357 0.00186262]
 [0.00718189 0.00179497]
 [0.00719521 0.00170857]
 [0.00712297 0.00160639]
 [0.00696766 0.00149181]
 [0.00673468 0.00136843]
 [0.00643199 0.00123986]
 [0.00664392 0.00188574]
 [0.00689262 0.00186262]
 [0.00706613 0.00181724]
 [0.00715834 0.00175123]
 [0.0071659  0.00166694]
 [0.00708847 0.00156725]
 [0.00692872 0.00145547]
 [0.00669216 0.00133508]
 [0.00638687 0.00120965]
 [0.00656931 0.00181724]
 [0.00680901 0.00179497]
 [0.00697422 0.00175123]
 [0.00705912 0.00168762]
 [0.00706062 0.00160639]
 [0.00697861 0.00151032]
 [0.00681589 0.0014026 ]
 [0.00657809 0.00128659]
 [0.0062733  0.00116571]
 [0.00642804 0.00172977]
 [0.00665623 0.00170857]
 [0.00681137 0.00166694]
 [0.006888   0.00160639]
 [0.00688335 0.00152907]
 [0.00679751 0.00143763]
 [0.00663342 0.00133508]
 [0.00639674 0.00122466]
 [0.00609548 0.0011096 ]
 [0.00622499 0.00162632]
 [0.00643954 0.00160639]
 [0.00658319 0.00156725]
 [0.0066509  0.00151032]
 [0.0066402  0.00143763]
 [0.00655141 0.00135165]
 [0.00638759 0.00125524]
 [0.00615434 0.00115142]
 [0.00585956 0.00104324]
 [0.00596672 0.00151032]
 [0.00616595 0.00149181]
 [0.00629709 0.00145547]
 [0.0063555  0.0014026 ]
 [0.00633908 0.00133508]
 [0.00624834 0.00125524]
 [0.0060864  0.00116571]
 [0.00585881 0.0010693 ]
 [0.00557322 0.00096883]
 [0.00566112 0.00138541]
 [0.00584386 0.00136843]
 [0.00596183 0.00133508]
 [0.00601089 0.00128659]
 [0.00598925 0.00122466]
 [0.00589762 0.00115142]
 [0.00573916 0.0010693 ]
 [0.00551927 0.00098086]
 [0.00524532 0.0008887 ]
 [0.00531705 0.00125524]
 [0.00548259 0.00123986]
 [0.00558715 0.00120965]
 [0.00562706 0.00116571]
 [0.00560087 0.0011096 ]
 [0.00550945 0.00104324]
 [0.00535595 0.00096883]
 [0.0051456  0.0008887 ]
 [0.00488542 0.00080521]]

radial
[[0.         1.         0.        ]
 [0.28674418 0.30731815 0.        ]
 [0.28674418 0.2981424  0.        ]
 [0.30731815 0.31622777 0.        ]
 [0.         0.         1.        ]]

[[0.00697413 0.00195681]
 [0.00707576 0.00193283]
 [0.00709196 0.00188574]
 [0.00702214 0.00181724]
 [0.0068688  0.00172977]
 [0.00663742 0.00162632]
 [0.00633611 0.00151032]
 [0.00597517 0.00138541]
 [0.00556647 0.00125524]
 [0.00704275 0.00193283]
 [0.00714152 0.00190914]
 [0.00715409 0.00186262]
 [0.00707999 0.00179497]
 [0.00692188 0.00170857]
 [0.00668539 0.00160639]
 [0.0063788  0.00149181]
 [0.00601257 0.00136843]
 [0.00559872 0.00123986]
 [0.0070382  0.00188574]
 [0.00713278 0.00186262]
 [0.0071413  0.00181724]
 [0.00706341 0.00175123]
 [0.00690191 0.00166694]
 [0.00666254 0.00156725]
 [0.00635369 0.00145547]
 [0.00598584 0.00133508]
 [0.00557104 0.00120965]
 [0.00696148 0.00181724]
 [0.0070507  0.00179497]
 [0.00705486 0.00175123]
 [0.00697378 0.00168762]
 [0.00681037 0.00160639]
 [0.00657043 0.00151032]
 [0.00626234 0.0014026 ]
 [0.00589655 0.00128659]
 [0.00548499 0.00116571]
 [0.00681582 0.00172977]
 [0.00689867 0.00170857]
 [0.00689831 0.00166694]
 [0.00681474 0.00160639]
 [0.00665093 0.00152907]
 [0.00641272 0.00143763]
 [0.00610838 0.00133508]
 [0.00574822 0.00122466]
 [0.00534394 0.0011096 ]
 [0.00660638 0.00162632]
 [0.00668209 0.00160639]
 [0.00667721 0.00156725]
 [0.00659192 0.00151032]
 [0.00642925 0.00143763]
 [0.00619498 0.00135165]
 [0.00589724 0.00125524]
 [0.00554607 0.00115142]
 [0.00515285 0.00104324]
 [0.00634003 0.00151032]
 [0.00640804 0.00149181]
 [0.0063988  0.00145547]
 [0.00631262 0.0014026 ]
 [0.00615259 0.00133508]
 [0.00592436 0.00125524]
 [0.00563584 0.00116571]
 [0.00529673 0.0010693 ]
 [0.00491801 0.00096883]
 [0.00602491 0.00138541]
 [0.00608493 0.00136843]
 [0.00607162 0.00133508]
 [0.00598543 0.00128659]
 [0.00582945 0.00122466]
 [0.00560917 0.00115142]
 [0.00533223 0.0010693 ]
 [0.00500791 0.00098086]
 [0.00464665 0.0008887 ]
 [0.00567005 0.00125524]
 [0.00572203 0.00123986]
 [0.00570507 0.00120965]
 [0.00561975 0.00116571]
 [0.00546914 0.0011096 ]
 [0.00525853 0.00104324]
 [0.0049952  0.00096883]
 [0.00468795 0.0008887 ]
 [0.00434663 0.00080521]]

erosion
[[0.         1.         0.        ]
 [0.         1.         1.        ]
 [0.33333333 0.66666667 1.        ]
 [0.33333333 0.66666667 1.        ]
 [0.33333333 0.66666667 1.        ]
 [0.33333333 0.66666667 1.        ]
 [0.33333333 0.66666667 1.        ]]

[[0.00125524 0.01034145]
 [0.00123986 0.01055297]
 [0.00120965 0.01063833]
 [0.00116571 0.01059439]
 [0.0011096  0.01042271]
 [0.00104324 0.01012945]
 [0.00096883 0.009725  ]
 [0.0008887  0.00922339]
 [0.00080521 0.00864146]
 [0.00138541 0.01069852]
 [0.00136843 0.01091411]
 [0.00133508 0.01099922]
 [0.00128659 0.01095073]
 [0.00122466 0.01077035]
 [0.00115142 0.01046453]
 [0.0010693  0.01004413]
 [0.00098086 0.00952369]
 [0.0008887  0.00892065]
 [0.00151032 0.01093901]
 [0.00149181 0.01115595]
 [0.00145547 0.01123953]
 [0.0014026  0.01118666]
 [0.00133508 0.01099922]
 [0.00125524 0.01068392]
 [0.00116571 0.01025192]
 [0.0010693  0.00971814]
 [0.00096883 0.00910045]
 [0.00162632 0.01105501]
 [0.00160639 0.01127053]
 [0.00156725 0.01135132]
 [0.00151032 0.01129439]
 [0.00143763 0.01110177]
 [0.00135165 0.01078033]
 [0.00125524 0.01034145]
 [0.00115142 0.00980026]
 [0.00104324 0.00917487]
 [0.00172977 0.01104288]
 [0.00170857 0.01125425]
 [0.00166694 0.01133108]
 [0.00160639 0.01127053]
 [0.00152907 0.01107475]
 [0.00143763 0.01075074]
 [0.00133508 0.01030992]
 [0.00122466 0.00976749]
 [0.0011096  0.00914155]
 [0.00181724 0.01090344]
 [0.00179497 0.01110808]
 [0.00175123 0.01117991]
 [0.00168762 0.0111163 ]
 [0.00160639 0.0109195 ]
 [0.00151032 0.01059653]
 [0.0014026  0.01015877]
 [0.00128659 0.00962128]
 [0.00116571 0.00900197]
 [0.00188574 0.0106419 ]
 [0.00186262 0.01083745]
 [0.00181724 0.01090344]
 [0.00175123 0.01083744]
 [0.00166694 0.01064177]
 [0.00156725 0.01032342]
 [0.00145547 0.00989358]
 [0.00133508 0.00936704]
 [0.00120965 0.00876127]
 [0.00193283 0.01026752]
 [0.00190914 0.01045197]
 [0.00186262 0.01051146]
 [0.00179497 0.01044381]
 [0.00170857 0.0102514 ]
 [0.00160639 0.00994108]
 [0.00149181 0.00952376]
 [0.00136843 0.00901376]
 [0.00123986 0.00842798]
 [0.00195681 0.00979307]
 [0.00193283 0.00996478]
 [0.00188574 0.01001736]
 [0.00181724 0.00994886]
 [0.00172977 0.00976172]
 [0.00162632 0.00946258]
 [0.00151032 0.00906195]
 [0.00138541 0.00857353]
 [0.00125524 0.0080135 ]]

dilation
[[0.         1.         0.        ]
 [0.03571429 0.05357143 1.        ]]

[[0.00125524 0.00196108]
 [0.00123986 0.00194473]
 [0.00120965 0.00190489]
 [0.00116571 0.00184299]
 [0.0011096  0.00176124]
 [0.00104324 0.0016625 ]
 [0.00096883 0.00155005]
 [0.0008887  0.00142749]
 [0.00080521 0.00129851]
 [0.00138541 0.00194088]
 [0.00136843 0.00192471]
 [0.00133508 0.00188527]
 [0.00128659 0.00182401]
 [0.00122466 0.00174311]
 [0.00115142 0.00164538]
 [0.0010693  0.00153409]
 [0.00098086 0.00141279]
 [0.0008887  0.00128514]
 [0.00151032 0.00189735]
 [0.00149181 0.00188154]
 [0.00145547 0.00184299]
 [0.0014026  0.0017831 ]
 [0.00133508 0.00170401]
 [0.00125524 0.00160847]
 [0.00116571 0.00149968]
 [0.0010693  0.00138111]
 [0.00096883 0.00125632]
 [0.00162632 0.00183206]
 [0.00160639 0.00181679]
 [0.00156725 0.00177957]
 [0.00151032 0.00172174]
 [0.00143763 0.00164538]
 [0.00135165 0.00155312]
 [0.00125524 0.00144807]
 [0.00115142 0.00133358]
 [0.00104324 0.00121309]
 [0.00172977 0.00174734]
 [0.00170857 0.00173277]
 [0.00166694 0.00169727]
 [0.00160639 0.00164212]
 [0.00152907 0.00156928]
 [0.00143763 0.0014813 ]
 [0.00133508 0.00138111]
 [0.00122466 0.00127191]
 [0.0011096  0.00115699]
 [0.00181724 0.0016461 ]
 [0.00179497 0.00163238]
 [0.00175123 0.00159894]
 [0.00168762 0.00154698]
 [0.00160639 0.00147836]
 [0.00151032 0.00139548]
 [0.0014026  0.00130109]
 [0.00128659 0.00119822]
 [0.00116571 0.00108995]
 [0.00188574 0.00153172]
 [0.00186262 0.00151896]
 [0.00181724 0.00148784]
 [0.00175123 0.00143949]
 [0.00166694 0.00137564]
 [0.00156725 0.00129851]
 [0.00145547 0.00121068]
 [0.00133508 0.00111496]
 [0.00120965 0.00101422]
 [0.00193283 0.00140782]
 [0.00190914 0.00139609]
 [0.00186262 0.00136749]
 [0.00179497 0.00132305]
 [0.00170857 0.00126437]
 [0.00160639 0.00119348]
 [0.00149181 0.00111275]
 [0.00136843 0.00102477]
 [0.00123986 0.00093218]
 [0.00195681 0.00127809]
 [0.00193283 0.00126743]
 [0.00188574 0.00124147]
 [0.00181724 0.00120112]
 [0.00172977 0.00114785]
 [0.00162632 0.00108349]
 [0.00151032 0.00101021]
 [0.00138541 0.00093033]
 [0.00125524 0.00084628]]

